3 0.33654579 0.4092755 0.25417871
4 0.35836572 0.62742215 0.01421213
12 0.13214722 0.85188915 0.01596363
5 0.13612887 0.58354463 0.2803265
20 0.3403933 0.43241174 0.22719496
27 0.28840032 0.61412279 0.09747689
29 0.18095087 0.79683889 0.02221023
8 0.21578037 0.6551643 0.12905533
34 0.22055455 0.40905955 0.3703859
2 0.29309209 0.44788697 0.25902094
14 0.40868305 0.2330099 0.35830705
10 0.25327428 0.41941108 0.32731464
24 0.13186248 0.73857317 0.12956435
18 0.1698793 0.70602675 0.12409395
28 0.26447721 0.58497783 0.15054496
21 0.18671591 0.59600407 0.21728002
9 0.33335616 0.33507405 0.33156979
15 0.4696041 0.28605745 0.24433846
19 0.14967564 0.71308261 0.13724175
32 0.30332746 0.46183656 0.23483598
33 0.21929546 0.52268773 0.25801681
30 0.20469236 0.59538119 0.19992645
35 0.10427314 0.89572686 0
25 0.08830672 0.84046795 0.07122533
13 0.04455447 0.82147295 0.13397258
11 0.11367653 0.48920364 0.39711983
7 0.21876576 0.41909348 0.36214077
23 0.37416418 0.37264377 0.25319204
17 0.28824221 0.49638842 0.21536937
6 0.28140277 0.39328035 0.32531687
16 0 0.96852514 0.03147486
22 0.167055 0.43656999 0.39637501
26 0.20132916 0.4553586 0.34331224
1 0.07948544 0.5606712 0.35984336
31 0.07798455 0.79419137 0.12782408
36 0.35879186 0.52056061 0.12064753
42 0.3489058 0.49966442 0.15142979
39 0.05047724 0.90918799 0.04033477
37 0.1466005 0.84341604 0.00998346
53 0.01890422 0.61617897 0.36491681
45 0.28826232 0.39722242 0.31451527
41 0.12495048 0.76992159 0.10512794
43 0.29647612 0.50213391 0.20138996
44 0.27181522 0.28234881 0.44583597
38 0.45316362 0.17825077 0.3685856
46 0.24653023 0.51392724 0.23954253
40 0.1866583 0.75355978 0.05978192
67 0.05831722 0.66184168 0.2798411
57 0.10652002 0.76102207 0.13245791
62 0.14246475 0.71341347 0.14412178
61 0.22526996 0.70849381 0.06623623
47 0.08900368 0.8158543 0.09514202
55 0.33729963 0.55420314 0.10849723
59 0.07158594 0.77722775 0.15118631
48 0.26281307 0.52585744 0.21132949
54 0.24355206 0.39174259 0.36470535
65 0.06176114 0.58343425 0.3548046
66 0.17972804 0.66253567 0.15773629
50 0.11260546 0.66250538 0.22488916
64 0.17891114 0.52102081 0.30006805
69 0.16197557 0.49336863 0.34465581
56 0.3314366 0.48752152 0.18104188
49 0.17511104 0.78557186 0.03931711
52 0.16665831 0.4943822 0.33895949
60 0.21002472 0.56406081 0.22591446
63 0.04801925 0.80923438 0.14274637
51 0.25733512 0.5465869 0.19607798
58 0.16028171 0.8265262 0.01319209
68 0.09815153 0.81572953 0.08611894
70 0.08201161 0.58473877 0.33324962
72 0.3765827 0.14281659 0.48060072
71 0.13898791 0.72772803 0.13328406
