25 0.42219192 0.12481006 0.45299802
13 0.39101291 0.2438158 0.36517129
7 0.69030404 0.01706488 0.29263108
4 0.3853587 0.40019827 0.21444303
14 0.36806147 0.28018605 0.35175248
2 0.48935253 0.21347614 0.29717133
30 0.56277572 0.3888043 0.04841998
33 0.19111001 0.23514896 0.57374103
22 0.16738931 0.37497892 0.45763177
6 0.36626937 0.19413 0.43960064
10 0.49316546 0.28550117 0.22133337
5 0.47512617 0.50441239 0.0204614400000001
15 0.41396847 0.37918796 0.20684357
34 0.51599623 0.40875393 0.0752498400000001
23 0.35041244 0.31014655 0.33944101
9 0.39751304 0.03089351 0.57159345
31 0.41050998 0.13270235 0.45678767
17 0.29673828 0.07846602 0.6247957
27 0.35500457 0.04930946 0.59568597
32 0.21507997 0.53678951 0.24813052
19 0.47003569 0.15403481 0.3759295
24 0.14266908 0.11432502 0.7430059
8 0.26755544 0.42476739 0.30767717
28 0.35806497 0.24124673 0.4006883
3 0.46519178 0.14218875 0.39261947
26 0.39379263 0.15961478 0.44659259
35 0.18093189 0.24626532 0.57280279
1 0.3983366 0.38103557 0.22062783
12 0.47799823 0.19323519 0.32876658
16 0.33199231 0.2873689 0.38063879
11 0.41016712 0.2035972 0.38623568
18 0.33665515 0.15779907 0.50554578
21 0.17839075 0.32452471 0.49708454
29 0.46986726 0.20646052 0.32367222
20 0.4025091 0.10204782 0.49544308
38 0.34093319 0.41116642 0.24790039
36 0.47991573 0.22971635 0.29036792
42 0.43615123 0.40718922 0.15665955
43 0.49148159 0.33368626 0.17483215
46 0.56281971 0.28319922 0.15398107
53 0.49017349 0.15904513 0.35078138
39 0.18501867 0.35078805 0.46419328
57 0.60124553 0.22392799 0.17482648
45 0.23472987 0.08303941 0.68223072
52 0.37665831 0.1957711 0.42757059
37 0.19904807 0.29280295 0.50814898
44 0.54833153 0.18043087 0.2712376
40 0.21978281 0.2679009 0.51231629
51 0.30094267 0.51516935 0.18388798
56 0.42384067 0.1742173 0.40194204
55 0.45826831 0.39347033 0.14826136
50 0.38699591 0.24666316 0.36634093
60 0.37446095 0.26773339 0.35780565
63 0.56096104 0.42599238 0.0130465799999999
64 0.66129804 0.27538879 0.0633131699999998
65 0.53939903 0.40859539 0.05200558
41 0.3627719 0.19143113 0.44579697
62 0.37447896 0.30349132 0.32202972
48 0.66332719 0.30515377 0.0315190400000001
54 0.4819642 0.20248949 0.31554631
61 0.32822872 0.32664327 0.34512801
49 0.53595675 0.11102664 0.35301661
59 0.20035697 0.32209421 0.47754882
58 0.54639707 0.39011388 0.0634890499999999
47 0.55499036 0.11913735 0.32587229
70 0.47557348 0.12688911 0.39753741
69 0.33160646 0.29124026 0.37715328
68 0.46284165 0.01140126 0.52575709
66 0.28469933 0.33319041 0.38211026
67 0.33806203 0.45048801 0.21144996
72 0.39811591 0.20122765 0.40065644
74 0.38536429 0.25179171 0.362844
73 0.33148962 0.14250811 0.52600227
71 0.18774788 0.22694146 0.58531066
78 0.131275 0.36047207 0.50825293
76 0.46263466 0.13574398 0.40162136
85 0.5985659 0.40033363 0.00110046999999991
86 0.29534095 0.09275697 0.61190208
82 0.25373187 0.55033609 0.19593204
79 0.2900753 0.3697556 0.3401691
87 0.3803824 0.179429 0.44018859
83 0.45992344 0.43733074 0.10274582
84 0.33981865 0.30272957 0.35745178
81 0.5970629 0.28366255 0.11927455
89 0.52060428 0.29997421 0.17942151
80 0.46582014 0.09148815 0.44269171
88 0.27831164 0.16276606 0.5589223
92 0.70823292 0.16888682 0.12288026
91 0.42748585 0.10539823 0.46711592
90 0.19767145 0.06447698 0.73785157
95 0.41523333 0.06293652 0.52183015
96 0.24746316 0.31471223 0.43782461
97 0.5971739 0.32061149 0.08221461
75 0.52270934 0.13681146 0.3404792
94 0.19181113 0.42208641 0.38610246
98 0.30796873 0.34461956 0.34741172
93 0.45518147 0.20599074 0.33882779
77 0.38808702 0.2579108 0.35400218
99 0.35178977 0.27016094 0.37804929
100 0.14111459 0.39482457 0.46406084
