25 0.42219192 0.17481006 0.40299801
13 0.36601291 0.1438158 0.4901713
7 0.46530404 0.11706488 0.41763108
4 0.2853587 0.35019827 0.36444303
14 0.36806147 0.28018605 0.35175248
2 0.41435253 0.16347614 0.42217133
30 0.36277572 0.1638043 0.47341998
33 0.29111001 0.28514896 0.42374103
22 0.39238931 0.24997892 0.35763176
6 0.36626937 0.19413 0.43960064
10 0.31816546 0.23550117 0.44633337
5 0.37512617 0.30441239 0.32046143
15 0.31396847 0.30418796 0.38184357
34 0.36599623 0.28375393 0.35024984
23 0.35041244 0.33514655 0.31444101
9 0.44751304 0.10589351 0.44659345
31 0.41050998 0.15770235 0.43178766
17 0.34673828 0.20346602 0.44979571
27 0.38000457 0.22430946 0.39568596
32 0.41507997 0.26178951 0.32313052
19 0.34503569 0.25403481 0.40092949
24 0.34266908 0.26432502 0.3930059
8 0.31755544 0.29976739 0.38267717
28 0.38306497 0.16624673 0.4506883
3 0.41519178 0.21718875 0.36761947
26 0.39379263 0.15961478 0.44659259
35 0.35593189 0.24626532 0.39780278
1 0.3983366 0.30603557 0.29562784
12 0.47799823 0.19323519 0.32876658
16 0.45699231 0.1873689 0.35563879
11 0.38516712 0.2285972 0.38623568
18 0.31165515 0.20779907 0.48054578
21 0.55339075 0.07452471 0.37208455
29 0.41986726 0.15646052 0.42367222
20 0.4275091 0.25204782 0.32044308
38 0.39093319 0.28616642 0.32290039
36 0.37991573 0.22971635 0.39036792
42 0.31115123 0.30718922 0.38165955
43 0.41648159 0.18368626 0.39983215
46 0.48781971 0.08319922 0.42898107
53 0.39017349 0.20904513 0.40078138
39 0.33501867 0.40078805 0.26419329
57 0.40124553 0.32392799 0.27482648
45 0.43472987 0.13303941 0.43223072
52 0.35165831 0.3957711 0.2525706
37 0.34904807 0.34280295 0.30814898
44 0.42333153 0.28043087 0.29623759
40 0.39478281 0.1429009 0.46231629
51 0.32594267 0.39016935 0.28388798
56 0.42384067 0.1742173 0.40194204
55 0.38326831 0.26847033 0.34826136
50 0.38699591 0.24666316 0.36634093
60 0.37446095 0.26773339 0.35780565
63 0.41096104 0.17599238 0.41304658
64 0.33629804 0.17538879 0.48831317
65 0.46439903 0.18359539 0.35200558
41 0.3877719 0.24143113 0.37079697
62 0.42447896 0.25349132 0.32202971
48 0.36332719 0.25515377 0.38151904
54 0.4319642 0.22748949 0.34054631
61 0.30322872 0.35164327 0.34512801
49 0.36095675 0.26102664 0.37801661
59 0.22535697 0.42209421 0.35254882
58 0.37139707 0.24011388 0.38848905
47 0.45499036 0.19413735 0.35087229
70 0.37557348 0.20188911 0.42253741
69 0.33160646 0.29124026 0.37715328
68 0.38784165 0.13640126 0.47575709
66 0.35969933 0.25819041 0.38211026
67 0.36306203 0.30048801 0.33644996
72 0.37311591 0.27622765 0.35065645
74 0.41036429 0.30179171 0.28784399
73 0.43148962 0.16750811 0.40100228
71 0.36274788 0.27694146 0.36031066
78 0.406275 0.18547207 0.40825293
76 0.43763466 0.18574398 0.37662136
85 0.3485659 0.25033363 0.40110047
86 0.37034095 0.19275697 0.43690208
82 0.35373187 0.35033609 0.29593204
79 0.3400753 0.3697556 0.2901691
87 0.3803824 0.179429 0.44018859
83 0.40992344 0.23733074 0.35274582
84 0.33981865 0.37772957 0.28245178
81 0.3970629 0.28366255 0.31927455
89 0.42060428 0.29997421 0.27942151
80 0.44082014 0.19148815 0.3676917
88 0.47831164 0.08776606 0.43392231
92 0.40823292 0.21888682 0.37288027
91 0.45248585 0.13039823 0.41711592
90 0.39767145 0.16447698 0.43785157
95 0.44023333 0.16293652 0.39683015
96 0.29746316 0.21471223 0.48782461
97 0.4221739 0.19561149 0.38221461
75 0.47270934 0.16181146 0.3654792
94 0.31681113 0.27208641 0.41110246
98 0.30796873 0.34461956 0.34741172
93 0.40518147 0.20599074 0.38882779
77 0.38808702 0.2579108 0.35400218
99 0.35178977 0.29516094 0.35304929
100 0.39111459 0.24482457 0.36406084
